{
 "cells": [
  {
   "cell_type": "markdown",
   "metadata": {},
   "source": [
    "# Aufgabe 29 - Entfaltung mit quadratischen Matrizen"
   ]
  },
  {
   "cell_type": "markdown",
   "metadata": {},
   "source": [
    "## Teilaufgabe a)\n",
    "DIe Matrix beschreibt einen Messprozess, in welchem die Daten $n$ verschiedenen Bins zugeordnet werden können und Fehlklassifikation nur zu nächsten Nachbarn hin stattfinden können. Dies geschieht mit Wahrscheinlichkeit $\\epsilon$."
   ]
  },
  {
   "cell_type": "code",
   "execution_count": 12,
   "metadata": {
    "collapsed": true
   },
   "outputs": [],
   "source": [
    "import numpy as np\n",
    "from scipy.sparse import diags # to easily make a tridiagonal matrix\n",
    "import matplotlib.pyplot as plt"
   ]
  },
  {
   "cell_type": "code",
   "execution_count": 3,
   "metadata": {
    "collapsed": true
   },
   "outputs": [],
   "source": [
    "def getResponseMatrix(n, epsilon):\n",
    "    A = 1-2*epsilon*np.ones(n)\n",
    "    A[0] = A[n-1] = 1-epsilon\n",
    "    diagonals = [A, epsilon*np.ones(n-1), epsilon*np.ones(n-1)]\n",
    "    A = diags(diagonals, [0, 1, -1]).toarray() # 0,1,-1 means place the subarrays of diagonals\n",
    "    # in the main diag and the two sub diags\n",
    "    return A"
   ]
  },
  {
   "cell_type": "markdown",
   "metadata": {},
   "source": [
    "## Teilaufgabe b)"
   ]
  },
  {
   "cell_type": "code",
   "execution_count": 4,
   "metadata": {},
   "outputs": [
    {
     "name": "stdout",
     "output_type": "stream",
     "text": [
      "Die gemessenen g sind bei uns dann [262 465 640 745 873 825 780 684 705 623 534 510 438 398 358 346 262 243\n",
      " 209 167]\n"
     ]
    }
   ],
   "source": [
    "n = 20\n",
    "epsilon = 0.23\n",
    "A = getResponseMatrix(n, epsilon)\n",
    "f = np.array([193,485,664,763,804,805,779,736,684,626,\n",
    "              566,508,452,400,351,308,268,233,202,173])\n",
    "g = np.dot(A,f)\n",
    "prng = np.random.RandomState(0) # Das ist zur Reproduzierbarkeit!\n",
    "gmess = prng.poisson(g, np.size(g)) # Ziehe np.size(g) poissonverteilte Zufallszahlen mit lambda=g\n",
    "print('Die gemessenen g sind bei uns dann',gmess)"
   ]
  },
  {
   "cell_type": "markdown",
   "metadata": {
    "collapsed": true
   },
   "source": [
    "## Teilaufgabe c)\n",
    "Die Faltungsgleichung $\\mathbf{g} = \\mathbf{A} \\, \\mathbf{f}$ lautet mit $\\mathbf{A} = \\mathbf{U} \\, \\mathbf{D} \\, \\mathbf{U}^{-1}$ dann\n",
    "\\begin{equation}\n",
    "    \\mathbf{g} = \\mathbf{U} \\, \\mathbf{D} \\, \\mathbf{U}^{-1} \\mathbf{f} \\iff \\mathbf{c} = \\mathbf{D} \\mathbf{b}\n",
    "\\end{equation}\n",
    "mit $\\mathbf{c} = \\mathbf{U}^{-1} \\mathbf{g}$ und $\\mathbf{b} = \\mathbf{U}^{-1} \\mathbf{f}$."
   ]
  },
  {
   "cell_type": "code",
   "execution_count": 5,
   "metadata": {
    "collapsed": true
   },
   "outputs": [],
   "source": [
    "w, U = np.linalg.eig(A) # w are the eigenvalues, U is a matrix of eigenvectors\n",
    "index = w.argsort()[::-1]\n",
    "w = w[index]\n",
    "U = U[:,index]\n",
    "Uinv = np.linalg.inv(U)\n",
    "D = np.diag(w)\n",
    "# Nun sind die EW sortiert und die EV in der Matrix U auch."
   ]
  },
  {
   "cell_type": "markdown",
   "metadata": {},
   "source": [
    "## Teilaufgabe d)"
   ]
  },
  {
   "cell_type": "code",
   "execution_count": 6,
   "metadata": {
    "collapsed": true
   },
   "outputs": [],
   "source": [
    "b = Uinv@f\n",
    "c = Uinv@f"
   ]
  },
  {
   "cell_type": "code",
   "execution_count": 7,
   "metadata": {},
   "outputs": [
    {
     "name": "stdout",
     "output_type": "stream",
     "text": [
      "[[ 500.          151.31248946  109.29259123   74.5318382    61.50464599\n",
      "    37.79343197   31.3283139    20.63676695  -17.90899736   12.2600234\n",
      "   -11.1           7.94313819    7.24981184    5.0060538     4.66192869\n",
      "    -3.17907219   -2.88297826   -1.82312504    1.22379398    0.65076887]\n",
      " [ 151.31248946  422.71846761  -54.29211917  120.77188464   79.42596024\n",
      "    65.64281546   41.31638988   34.81603668  -23.26154354   20.51245875\n",
      "   -14.28579256   12.97527638    9.15646146    8.42287251    5.7877581\n",
      "    -5.33505487   -3.53708759   -2.9039265     1.74930716    0.86535302]\n",
      " [ 109.29259123  -54.29211917  456.50964775   80.27009535  -99.43399559\n",
      "   -67.29436606  -56.15392573  -35.39313771   30.00134848  -20.20904473\n",
      "    17.78996459  -12.20896027  -11.14536666   -7.86459038   -7.16496459\n",
      "     4.82895867    4.16183442    2.70810659   -2.03857348   -0.828981  ]\n",
      " [  74.5318382   120.77188464   80.27009535  477.84753679   92.40168952\n",
      "   -89.94510587  -61.37111389  -51.33923753   32.34063891  -27.27885432\n",
      "    18.13221244  -15.96005487  -10.91708919   -9.88745875   -6.90579096\n",
      "     5.99174414    3.99997767    3.29648139   -1.78778043   -1.17322045]\n",
      " [  61.50464599   79.42596024  -99.43399559   92.40168952  487.33642652\n",
      "    98.32494169  -85.13041766  -58.31861508   48.61674337  -30.26380662\n",
      "    25.4489446   -16.84034136  -14.70214695   -9.95828977   -8.7142383\n",
      "     6.07680996    5.12639111    3.07965151   -2.43112837   -0.95879943]\n",
      " [  37.79343197   65.64281546  -67.29436606  -89.94510587   98.32494169\n",
      "   492.15111473  101.3774405   -82.4079235    56.2417828   -46.78683365\n",
      "    28.97193554  -24.19103668  -15.88154193  -13.5289265    -9.12930877\n",
      "     7.84888527    5.15648379    4.26103809   -2.25067051   -1.25790792]\n",
      " [  31.3283139    41.31638988  -56.15392573  -61.37111389  -85.13041766\n",
      "   101.3774405   494.87360889  103.45427279   80.57801378  -54.94991171\n",
      "    45.52892573  -28.01313611  -23.01781623  -15.05256093  -12.66357348\n",
      "     8.2089826     6.98353225    4.3275028    -3.08781764   -1.29187108]\n",
      " [  20.63676695   34.81603668  -35.39313771  -51.33923753  -58.31861508\n",
      "   -82.4079235   103.45427279  496.70351861 -104.74614387  -79.32010587\n",
      "    53.99111229  -44.35570528  -27.18415511  -22.15246321  -14.13223477\n",
      "    11.79822045    7.38000161    5.8103118    -3.36870337   -1.82990972]\n",
      " [ -17.90899736  -23.26154354   30.00134848   32.34063891   48.61674337\n",
      "    56.2417828    80.57801378 -104.74614387  497.96142652 -105.70494329\n",
      "   -78.14688541   53.16213129   43.49035225   26.26382895   21.28711018\n",
      "   -13.30325377  -10.625        -6.42120218    4.55240388    2.07683229]\n",
      " [  12.2600234    20.51245875  -20.20904473  -27.27885432  -30.26380662\n",
      "   -46.78683365  -54.94991171  -79.32010587 -105.70494329  499.13464698\n",
      "  -106.53392429  -77.28153239  -52.24180513  -42.62499923  -25.43484795\n",
      "    20.11388973   12.34445435    9.36709208   -5.1293311    -2.72249416]\n",
      " [ -11.1         -14.28579256   17.78996459   18.13221244   25.4489446\n",
      "    28.97193554   45.52892573   53.99111229  -78.14688541 -106.53392429\n",
      "   500.         -107.45425046   76.41617937   51.41282413   41.45177878\n",
      "   -24.47604852  -18.85598181  -11.05258326    7.53718236    3.05249881]\n",
      " [   7.94313819   12.97527638  -12.20896027  -15.96005487  -16.84034136\n",
      "   -24.19103668  -28.01313611  -44.35570528   53.16213129  -77.28153239\n",
      "  -107.45425046  500.86535302  108.28323145  -75.24295891  -50.4540247\n",
      "    40.19387086   23.18417744   17.02607209   -8.97575098   -4.8146882 ]\n",
      " [   7.24981184    9.15646146  -11.14536666  -10.91708919  -14.70214695\n",
      "   -15.88154193  -23.01781623  -27.18415511   43.49035225  -52.24180513\n",
      "    76.41617937  108.28323145  502.03857348  109.24203088  -73.985051\n",
      "    49.16215362   38.36396114   21.10734515  -14.30357793   -5.92325217]\n",
      " [   5.0060538     8.42287251   -7.86459038   -9.88745875   -9.95828977\n",
      "   -13.5289265   -15.05256093  -22.15246321   26.26382895  -42.62499923\n",
      "    51.41282413  -75.24295891  109.24203088  503.29648139  110.53390196\n",
      "    72.15514128   47.08532133   35.64146698  -18.05484634   -9.48888973]\n",
      " [   4.66192869    5.7877581    -7.16496459   -6.90579096   -8.7142383\n",
      "    -9.12930877  -12.66357348  -14.13223477   21.28711018  -25.43484795\n",
      "    41.45177878  -50.4540247   -73.985051    110.53390196  505.12639111\n",
      "  -112.61073425   69.43264712   44.03282252  -30.82677878  -12.13159418]\n",
      " [  -3.17907219   -5.33505487    4.82895867    5.99174414    6.07680996\n",
      "     7.84888527    8.2089826    11.79822045  -13.30325377   20.11388973\n",
      "   -24.47604852   40.19387086   49.16215362   72.15514128 -112.61073425\n",
      "   507.84888527  115.66323306  -64.61795891   38.10957035   21.33788905]\n",
      " [  -2.88297826   -3.53708759    4.16183442    3.99997767    5.12639111\n",
      "     5.15648379    6.98353225    7.38000161  -10.625        12.34445435\n",
      "   -18.85598181   23.18417744   38.36396114   47.08532133   69.43264712\n",
      "   115.66323306  512.66357348  121.58648523   55.12906918   25.97797618]\n",
      " [  -1.82312504   -2.9039265     2.70810659    3.29648139    3.07965151\n",
      "     4.26103809    4.3275028     5.8103118    -6.42120218    9.36709208\n",
      "   -11.05258326   17.02607209   21.10734515   35.64146698   44.03282252\n",
      "   -64.61795891  121.58648523  522.15246321 -133.7180794    33.79118014]\n",
      " [   1.22379398    1.74930716   -2.03857348   -1.78778043   -2.43112837\n",
      "    -2.25067051   -3.08781764   -3.36870337    4.55240388   -5.1293311\n",
      "     7.53718236   -8.97575098  -14.30357793  -18.05484634  -30.82677878\n",
      "    38.10957035   55.12906918 -133.7180794   543.49035225  159.69605558]\n",
      " [   0.65076887    0.86535302   -0.828981     -1.17322045   -0.95879943\n",
      "    -1.25790792   -1.29187108   -1.82990972    2.07683229   -2.72249416\n",
      "     3.05249881   -4.8146882    -5.92325217   -9.48888973  -12.13159418\n",
      "    21.33788905   25.97797618   33.79118014  159.69605558  577.28153239]]\n"
     ]
    }
   ],
   "source": [
    "Vb = Uinv@np.diag(f)@Uinv.T # Nimm an, dass die f aus Poissonverteilungen stammen.\n",
    "print(Vb)"
   ]
  },
  {
   "cell_type": "code",
   "execution_count": 24,
   "metadata": {},
   "outputs": [
    {
     "name": "stdout",
     "output_type": "stream",
     "text": [
      "[-2251.04963295  -690.91922954  -466.52623091  -342.23670464  -329.3666805\n",
      "  -179.20573364  -160.66734023   -77.26719097    17.4191047      2.55736399\n",
      "    34.36919299   -78.49226697  -157.473201      10.5043462    -28.13801846\n",
      "    80.73244377   110.35416432   -21.61573022   464.69860952   124.47914325]\n",
      "[ 0.85900609  0.23010256  0.20399222  0.14923578  0.06353225  0.03219962\n",
      "  0.01941753  0.00472735 -0.03995718 -0.05201378 -0.14283018 -0.14509476\n",
      " -0.29109284 -0.29699728 -0.33126593 -0.6088419  -0.63263243 -0.86238449\n",
      " -1.27718011 -4.16111711]\n"
     ]
    },
    {
     "data": {
      "image/png": "iVBORw0KGgoAAAANSUhEUgAAAXYAAAD8CAYAAABjAo9vAAAABHNCSVQICAgIfAhkiAAAAAlwSFlz\nAAALEgAACxIB0t1+/AAAEQdJREFUeJzt3X+MHOV9x/HPtzH8UR+qSZ0uP9tLGhfJTRFmfSiJ0jSr\nImSjKg5UtUDVJZEjnTg1VSM1sqCW7YAVqRi1SG4jR61qJbVQLle1bhDFAlyPxT8hOpsYY34kmPTS\nmBKcNAK65I/U5ds/Zhb27nZv5+6Zndl99v2SVrc7Oz++fm78mblnZ541dxcAIB6/VHUBAIBiEewA\nEBmCHQAiQ7ADQGQIdgCIDMEOAJEh2AEgMgQ7AESGYAeAyKypYqPr16/38fHxKjbd01tvvaW1a9dW\nXUZX1BeG+sJQX7iQGk+dOvVTd39fzxndPfgh6ZCkC5LO5pm/Xq/7oEqSpOoSlkV9YagvDPWFC6lR\n0knPkbFFdcV8TdKWgtYFAAhQSLC7+5OSflbEugAAYfjwFAAiY17QsL1mNi7pEXf/UJf3pyRNSVKt\nVqvPzMwUst2iNZtNjY2NVV1GV9QXhvrCUF+4kBobjcYpd9/cc8Y8HfF5HpLGxYenfUd9YagvDPWF\nG6YPT/tr/34pSRZOS5J0OgBggUKC3cy+Ienbkq4zs/Nm9rki1vuOiQlp+/Z3wz1J0tcTE4VuBgBi\nUMgNSu5+ZxHr6arRkGZn0zCfnpYOHkxfNxp93SwADKPh6IqR0hCfnpb27Ut/EuoA0NHwBHuSpGfq\nu3enPxf3uQMAJA1LsLf61Gdnpfvue7dbhnAHgCWGI9jn5hb2qbf63Ofmqq0LAAZQJaM7rtjOnUun\nNRr0swNAB8Nxxg4AyI1gB4DIEOwAEBmCHQAiQ7ADQGQIdgCIDMEOAJEh2AEgMgQ7AESGYAeAyBDs\nABAZgh0AIkOwA0BkCHYAiAzBDgCRIdgBIDIEOwBEZjSCff/+pd+PmiTpdACIzGgE+8TEwi+/bn05\n9sREvuU5MAAYIqMR7K0vv96+XdqzJ/3Z/uXYvYQeGACgRKMR7FIa4tPT0r596c+VfBF26IGBM34A\nJRqdYE8S6eBBaffu9OfioO0l5MDAGT+AEo1GsLeCdHZWuu++d8++VxLuIQeG0DN+AFiB0Qj2ubmF\nQdoK2rm5fMsXcWAIOeMHgBUYjWDfuXNpkDYa6fQ8Qg8MUtgZP330AFagkGA3sy1m9j0zO2dmdxex\nzoESemAIPeOv+nJNDizAUAkOdjN7j6SvSNoqaaOkO81sY+h6oxJ6xt/WRz9+6FD5l2tWfWABsCJF\nnLHfJOmcu//A3X8haUbStgLWG4/QM/7W/NPTGj98uPzLNbkPABgqRQT71ZJ+1Pb6fDYNRcr66Ocn\nJ8u/XDN0+arvA+AvBoyYNWVtyMymJE1JUq1W04kTJ8ra9Io0m82Bq23dd7+rjffeq+f37tX5DRv0\n+qZN2njbbXp+7169vmlT/nUcOKD/mpzUVQcO6PnLL8+97EqW79p+ZhrfulXj+/ZpfnJS82ZSznZe\nd8klC/697e3xeo51tC/f3LBBpx98cEXLl2kQ97921BeulBrdPegh6SOSHmt7fY+ke5Zbpl6v+6BK\nkqTqEpa6/37348fdva2+48fT6XkcP+6+fv0761jyusDlu7Zfa5ndu1e27YKX/4/JydUtX5KB3P/a\nUF+4kBolnfQcuVxEV8ycpA1m9n4zu1TSHZIeLmC9aKn6cs0Y7gMI+YwCGDLBwe7uFyV9XtJjkl6Q\nNOvuz4WuFwUKPTBUfWCRwoeECPmMgj5+DJlCrmN390fd/bfc/Tfd/ctFrBMRqfo+gLbl53fsKP8+\nAq4KQslG485TDLequ5KqvlwUWKHSrooBVq3TmX2jkT8YQ5dvzd/q49+9O+xy0dUsD6wAZ+xAHgX1\n8a96eWAFCHaglwL7+Fd9VRCwAgQ70EvVffxclYMVItiBXqq+XLTqq3I4MAwdgh0YdFVflcPlmkOH\nYAeGwYAM4raqYaNROoIdGAZVX5XDkAxDhWAHBt0gXJUTOmw0SkWwA4Ou6qtyQodkQOm48xQYdFXf\nedt+YDhxYuGBgS6ZgUSwA1heEUMyoFR0xQBAZAh2AIgMwQ4AkSHYAfQXQxKUjmAH0F+MVVM6gh1A\nfzFWTekIdgD9V9BYNXy1YD4EO4D+K2ismlUPgjZiCHYA/VXgWDV8tWA+BDuA/ipwrBq+WjAfhhQA\n0F9FjlXTWpaxapZFsAMYbIxVs2J0xQBAZAh2AHEbwRucCHYAcRvBG5zoYwcQt/YbnKan08slI7/B\niTN2APEbsRucCHYA8RuxG5yCgt3M/sjMnjOzt81sc1FFAUBhRvAGp9Az9rOSbpf0ZAG1AEDxQu98\nHUJBH566+wuSZGbFVAMARRvBG5zM3cNXYnZC0hfd/eQy80xJmpKkWq1Wn5mZCd5uPzSbTY2NjVVd\nRlfUF4b6wlBfuJAaG43GKXfv3e3t7ss+JB1T2uWy+LGtbZ4Tkjb3WlfrUa/XfVAlSVJ1CcuivjDU\nF4b6woXUKOmk58jYnl0x7n7zqg4tAIBKcLkjAEQm9HLH28zsvKSPSPo3M3usmLIAAKsVelXMEUlH\nCqoFAFAAumIAIDIEOwBEhmAHgF6GbEx3gh0AehmyMd0Zjx0AehmyMd05YweAPIZoTHeCHQDyGKIx\n3Ql2AOhlyMZ0J9gBoJchG9OdD08BoJchG9OdM3YAiAzBDgCRIdgBIDIEOwBEhmAHgMgQ7AAQGYId\nACJDsANAZAh2AIgMwQ4AkSHYASAyBDsARIZgB4DIEOwAEBmCHQAiQ7ADQGQIdgCIDMEOAJEh2AEg\nMgQ7AEQmKNjN7AEze9HMzpjZETNbV1RhAIDVCT1jf0LSh9z9eknfl3RPeEkAgBBBwe7uj7v7xezl\nU5KuCS8JABCiyD72HZKOFrg+AMAqmLsvP4PZMUlXdHhrl7t/K5tnl6TNkm73Lis0sylJU5JUq9Xq\nMzMzIXX3TbPZ1NjYWNVldEV9YagvDPWFC6mx0WiccvfNPWd096CHpM9K+rakX867TL1e90GVJEnV\nJSyL+sJQXxjqCxdSo6STniNj16zqsJExsy2Sdkr6PXf/eci6AADFCO1j/1tJl0l6wsxOm9lXC6gJ\nABAg6Izd3T9YVCEAgGJw5ykARIZgB4DIEOwAEBmCHQAiQ7ADQGQIdgCIDMEOAJEh2AEgMgQ7AESG\nYAeAyBDsABAZgh0AIkOwA0BkCHYAiAzBDgCRIdgBIDIEOwBEhmAHgMgQ7AAQGYIdACJDsANAZAh2\nAIgMwQ4AkSHYASAyBDsARIZgB4DIEOwAEBmCHQAiQ7ADQGQIdgCIDMEOAJEJCnYz22dmZ8zstJk9\nbmZXFVUYAGB1Qs/YH3D36939BkmPSNpTQE0AgABBwe7ub7a9XCvJw8oBAIQy97AsNrMvS/q0pDck\nNdz9J13mm5I0JUm1Wq0+MzMTtN1+aTabGhsbq7qMrqgvDPWFob5wITU2Go1T7r6554zuvuxD0jFJ\nZzs8ti2a7x5J9/Zan7urXq/7oEqSpOoSlkV9YagvDPWFC6lR0knPkbFrcgT/zTkPJg9JelTS3pzz\nAwD6IPSqmA1tL7dJejGsHABAqJ5n7D38pZldJ+ltST+UdFd4SQCAEEHB7u5/WFQhAIBicOcpAESG\nYAeAyBDsABAZgh0AIkOwA0BkCHYAiAzBDgCRIdgBIDIEOwBEhmAHgMgQ7AAQGYIdACJDsANAZAh2\nAIgMwQ4AkSHYASAyBDsARIZgB4DIEOwAEBmCHQAiQ7ADQGQIdgCIDMEOAJEh2AEgMgQ7AESGYAeA\nyBDsABAZgh0AIkOwA0BkCHYAiEwhwW5mf25mbmbri1gfAGD1goPdzK6VdIuk/wwvBwAQqogz9gcl\n7ZTkBawLABAoKNjNbJukV9z9mYLqAQAEMvflT7TN7JikKzq8tUvSX0i6xd3fMLN5SZvd/add1jMl\naUqSarVafWZmJqTuvmk2mxobG6u6jK6oLwz1haG+cCE1NhqNU+6+ueeM7r6qh6TfkXRB0nz2uKi0\nn/2KXsvW63UfVEmSVF3CsqgvDPWFob5wITVKOuk58nnNqg4b6QHhWUm/1nrd64wdAFAOrmMHgH7b\nv19KkoXTkiSd3geFBbu7j3O2DgAdTExI27e/G+5Jkr6emOjL5lbdFQMAyKnRkGZnpe3bNb51q3T0\naPq60ejL5uiKAYAyNBrS9LTGDx+Wpqf7FuoSwQ4A5UgS6eBBzU9OSgcPLu1zLxDBDgD91upTn53V\n/I4d73TL9CvcCXYA6Le5uYV96q0+97m5vmyOD08BoN927lw6rdHgw1MAQD4EOwBEhmAHgMgQ7AAQ\nGYIdACLTczz2vmzU7CeSflj6hvNZL2mQx7yhvjDUF4b6woXU+Bvu/r5eM1US7IPMzE56noHsK0J9\nYagvDPWFK6NGumIAIDIEOwBEhmBf6u+qLqAH6gtDfWGoL1zfa6SPHQAiwxk7AERmJIPdzK41s8TM\nnjez58zszzrM8wkze8PMTmePPSXXOG9mz2bbPtnhfTOzA2Z2zszOmNmNJdZ2XVu7nDazN83sC4vm\nKbX9zOyQmV0ws7Nt095rZk+Y2UvZz8u7LLvFzL6XteXdJdb3gJm9mP3+jpjZui7LLrsv9LG+L5nZ\nK22/w1u7LFtV+32zrbZ5MzvdZdky2q9jplS2D7r7yD0kXSnpxuz5ZZK+L2njonk+IemRCmucl7R+\nmfdvlXRUkkn6sKTvVFTneyT9WOn1tZW1n6SPS7pR0tm2afsl3Z09v1vS/V3qf1nSByRdKumZxftC\nH+u7RdKa7Pn9nerLsy/0sb4vSfpijt9/Je236P2/krSnwvbrmClV7YMjecbu7q+6+9PZ8/+R9IKk\nq6utasW2SfpHTz0laZ2ZXVlBHb8v6WV3r/SGM3d/UtLPFk3eJunr2fOvS/pUh0VvknTO3X/g7r+Q\nNJMt1/f63P1xd7+YvXxK0jVFbzevLu2XR2Xt12JmJmm7pG8Uvd28lsmUSvbBkQz2dmY2LmmTpO90\nePuj2Z/JR83st0stTHJJx8zslJlNdXj/akk/ant9XtUcnO5Q9/9QVbafJNXc/dXs+Y8l1TrMMyjt\nuEPpX2Cd9NoX+ulPs9/hoS7dCIPQfr8r6TV3f6nL+6W236JMqWQfHOlgN7MxSf8s6Qvu/uait5+W\n9Ovufr2kv5H0ryWX9zF3v0HSVkl/YmYfL3n7PZnZpZI+KemfOrxddfst4OnfvAN5CZiZ7ZJ0UdJD\nXWapal84qLR74AZJryrt7hhEd2r5s/XS2m+5TClzHxzZYDezS5T+Ah5y939Z/L67v+nuzez5o5Iu\nMbP1ZdXn7q9kPy9IOqL0z7V2r0i6tu31Ndm0Mm2V9LS7v7b4jarbL/Naq3sq+3mhwzyVtqOZfVbS\nH0j64+w//hI59oW+cPfX3P3/3P1tSX/fZbtVt98aSbdL+ma3ecpqvy6ZUsk+OJLBnvXJ/YOkF9z9\nr7vMc0U2n8zsJqVt9d8l1bfWzC5rPVf6IdvZRbM9LOnT2dUxH5b0RtuffGXpeqZUZfu1eVjSZ7Ln\nn5H0rQ7zzEnaYGbvz/4CuSNbru/MbIuknZI+6e4/7zJPnn2hX/W1f2ZzW5ftVtZ+mZslveju5zu9\nWVb7LZMp1eyD/fykeFAfkj6m9E+iM5JOZ49bJd0l6a5sns9Lek7pJ9RPSfpoifV9INvuM1kNu7Lp\n7fWZpK8o/TT9WUmbS27DtUqD+lfaplXWfkoPMK9K+l+lfZSfk/Srkv5d0kuSjkl6bzbvVZIebVv2\nVqVXMbzcauuS6juntG+1tQ9+dXF93faFkuo7nO1bZ5QGzZWD1H7Z9K+19rm2eatov26ZUsk+yJ2n\nABCZkeyKAYCYEewAEBmCHQAiQ7ADQGQIdgCIDMEOAJEh2AEgMgQ7AETm/wG7eLbDsqCUggAAAABJ\nRU5ErkJggg==\n",
      "text/plain": [
       "<matplotlib.figure.Figure at 0x1da9de1bcc0>"
      ]
     },
     "metadata": {},
     "output_type": "display_data"
    }
   ],
   "source": [
    "b = np.linalg.inv(D) @ Uinv @ gmess\n",
    "print(b)\n",
    "index = b.argsort()[::-1]\n",
    "b = b[index]\n",
    "b = b/np.std(b, ddof=1)\n",
    "print(b)\n",
    "plt.plot(np.linspace(1, np.size(b), np.size(b)),b, 'rx')\n",
    "plt.grid()\n",
    "plt.show()"
   ]
  },
  {
   "cell_type": "code",
   "execution_count": null,
   "metadata": {
    "collapsed": true
   },
   "outputs": [],
   "source": []
  }
 ],
 "metadata": {
  "kernelspec": {
   "display_name": "Python 3",
   "language": "python",
   "name": "python3"
  },
  "language_info": {
   "codemirror_mode": {
    "name": "ipython",
    "version": 3
   },
   "file_extension": ".py",
   "mimetype": "text/x-python",
   "name": "python",
   "nbconvert_exporter": "python",
   "pygments_lexer": "ipython3",
   "version": "3.6.1"
  }
 },
 "nbformat": 4,
 "nbformat_minor": 2
}
